CID SURVEY RA DEC z
2013cs 56 198.812 -17.9654 0.01029
2002dj 57 198.251 -19.519 0.01051
2002dj 63 198.251 -19.519 0.01051
2013E 56 150.023 -34.2337 0.01042
1997do 62 111.677 47.0933 0.01048
ASASSN-16jf 150 339.247 -25.232 0.0104
iPTF13ebh 56 35.4999 33.2705 0.01238
iPTF13ebh 5 35.4999 33.2705 0.01238
2010ko 56 83.206 -14.0961 0.01096
2013ex 51 83.1942 -14.0459 0.01096
2013ex 56 83.1942 -14.0459 0.01096
2009ab 5 64.1516 2.7642 0.01189
2011ao 56 178.463 33.3629 0.01168
2001cz 50 191.876 -39.58 0.01275
2009kk 66 57.4345 -3.2644 0.01244
2010Y 66 162.766 65.7797 0.01142
2008R 5 45.9738 -11.9943 0.0126
2002ha 57 311.827 0.3127 0.0122
2002ha 63 311.827 0.3127 0.0122
2009kq 51 129.063 28.0671 0.01247
2009kq 66 129.063 28.0671 0.01247
2001bt 50 288.445 -59.2897 0.01407
2001ep 57 74.2511 -4.7612 0.01306
2001ep 63 74.2511 -4.7612 0.01306
2013gy 51 55.5703 -4.7218 0.01309
2013gy 56 55.5703 -4.7218 0.01309
AT2017cfd 150 130.204 73.4875 0.01222
2017cfd 51 130.204 73.4875 0.01222
2007hj 57 345.449 15.5865 0.01288
2007hj 5 345.449 15.5865 0.01288
2007hj 65 345.449 15.5865 0.01288
2008hv 56 136.892 3.3923 0.0136
2008hv 5 136.892 3.3923 0.0136
2008hv 65 136.892 3.3923 0.0136
1997E 62 101.909 74.4975 0.01314
2007cv 56 159.439 -27.0825 0.01361
1992al 50 311.485 -51.3944 0.01434
1999dk 50 22.8622 14.2849 0.014
1999dk 57 22.8622 14.2849 0.014
ASASSN-16dn 150 162.206 -20.2639 0.01406
ASASSN-16la 150 37.3226 18.0879 0.01424
2005kc 5 338.531 5.5684 0.01386
2005kc 64 338.531 5.5684 0.01386
2007ca 57 202.774 -15.1018 0.01509
2007ca 5 202.774 -15.1018 0.01509
2007ca 64 202.774 -15.1018 0.01509
2006N 64 92.1302 64.7236 0.01416
2006td 64 29.5657 36.3494 0.01504
2013gq 51 124.473 23.4696 0.01457
2004eo 5 308.226 9.9285 0.0142
2003gt 57 308.246 9.872 0.01422
2005bo 5 192.421 -11.0965 0.01503
2005bo 57 192.421 -11.0965 0.01503
2001fe 63 144.488 25.4948 0.01448
2013fa 51 310.973 12.5144 0.01429
2000dm 57 274.746 16.2482 0.01472
PSNJ2043531 150 310.972 12.5085 0.01449
2011df 51 291.89 54.3865 0.01402
2005el 57 77.953 5.1943 0.01483
2005el 64 77.953 5.1943 0.01483
2001cn 50 281.574 -65.7616 0.01509
2005de 57 270.597 26.0521 0.01495
SN2017jl 150 14.3829 30.1852 0.01529
ASASSN-16ad 150 24.8836 33.8268 0.01522
ATLAS16cxr 150 272.027 25.4088 0.01518
iPTF16auf 150 217.788 27.236 0.01566
2008bc 5 144.63 -63.9738 0.01572
2011im 56 341.105 -0.1672 0.01493
1999ej 57 20.7391 33.4661 0.01534
1999ej 62 20.7391 33.4661 0.01534
2001en 57 21.3454 34.0251 0.01534
2001en 63 21.3454 34.0251 0.01534
2001V 63 179.354 25.2025 0.01592
2001V 50 179.354 25.2025 0.01592
2008ec 57 345.819 8.8722 0.01506
2008ec 56 345.819 8.8722 0.01506
2008eo 51 10.4668 32.9903 0.01539
2009nq 66 348.821 19.0229 0.01527
2005al 5 207.501 -30.5762 0.01629
2013hn 56 207.247 -30.2907 0.01629
2001bf 57 270.392 26.2506 0.01556
2001bf 63 270.392 26.2506 0.01556
ASASSN-15oh 150 337.675 39.2932 0.01579
1994S 61 187.841 29.1344 0.01619
1999aa 57 126.925 21.4874 0.01579
1999aa 62 126.925 21.4874 0.01579
2002cs 57 281.75 45.7055 0.01538
iPTF14bdn 56 202.687 32.7618 0.01636
2007ss 65 190.275 50.3913 0.01619
2010kg 56 70.035 7.35 0.01595
2013fw 51 318.437 13.576 0.0157
2013Q 56 356.783 29.4865 0.01612
iPTF13dge 56 75.8962 1.5715 0.01581
2007fs 51 330.418 -21.5082 0.01633
SN2016gfr 150 274.898 23.7862 0.0163
ASASSN-16ip 150 36.8407 -23.9287 0.01632
PSNJ0107203 150 16.8346 32.3997 0.01601
1998ef 57 15.862 32.2368 0.0161
1998ef 62 15.862 32.2368 0.0161
ASASSN-15ti 150 46.2858 37.9 0.01671
ASASSN-15od 150 35.8049 -4.5172 0.01678
1996bv 61 94.0542 57.0525 0.01673
1997Y 62 191.381 54.7381 0.01661
2001da 57 358.387 8.1174 0.01658
2001da 63 358.387 8.1174 0.01658
ASASSN-15kx 150 334.049 37.4738 0.01697
2000dk 57 16.848 32.4064 0.01649
2000dk 62 16.848 32.4064 0.01649
2007fb 51 359.218 5.5088 0.0168
2007fb 65 359.218 5.5088 0.0168
2006ef 57 31.0813 -8.7284 0.01694
2008C 5 104.298 20.4371 0.01709
2008C 65 104.298 20.4371 0.01709
2004fz 57 30.2767 31.8789 0.01646
2006ax 64 171.014 -12.2914 0.01774
2006ax 5 171.014 -12.2914 0.01774
1998V 62 275.656 15.7021 0.01718
2013gs 56 142.787 46.3848 0.01748
2008L 57 49.3194 41.3827 0.01734
2008L 64 49.3194 41.3827 0.01734
2009le 5 32.3214 -23.4124 0.01739
2009le 66 32.3214 -23.4124 0.01739
2000dr 57 15.4335 -15.5692 0.01765
2007as 5 141.9 -80.1776 0.01791
1992bo 50 20.4925 -34.212 0.01805
2010ai 66 194.85 27.9964 0.01918
ASASSN-17co 150 272.336 18.2983 0.01791
PS15coh 150 33.9935 12.2372 0.01796
2009gf 65 213.905 14.2802 0.01925
2009gf 56 213.905 14.2802 0.01925
2016ffh 51 227.956 46.251 0.01851
ATLAS16cpu 150 227.956 46.251 0.01851
2000cu 57 291.087 -25.9846 0.01902
2011fs 51 334.331 35.5806 0.01822
2011fs 56 334.331 35.5806 0.01822
ASASSN-16cs 150 102.653 31.1124 0.01839
2006kf 5 55.4603 8.1569 0.01955
2006kf 64 55.4603 8.1569 0.01955
2008hs 56 36.3734 41.8431 0.01835
2008hs 65 36.3734 41.8431 0.01835
2007au 57 107.942 49.8537 0.01992
2016W 150 37.6655 42.236 0.01855
2002kf 63 99.3138 49.8528 0.01948
1992bc 50 46.3169 -39.5596 0.01976
2009ds 5 177.267 -9.7291 0.02033
2009ds 65 177.267 -9.7291 0.02033
2006ej 57 9.749 -9.0157 0.01926
2006ej 56 9.749 -9.0157 0.01926
2006ej 5 9.749 -9.0157 0.01926
2006ej 64 9.749 -9.0157 0.01926
2002jy 63 20.3178 40.4987 0.0187
2016hpw 18 317.283 -18.1039 0.02019
ATLAS16dqf 150 317.283 -18.1039 0.02019
2005ki 64 160.118 9.2023 0.02066
2005ki 5 160.118 9.2023 0.02066
2005ki 51 160.118 9.2023 0.02066
ASASSN-15lg 150 198.887 3.5007 0.02121
2001dl 57 320.257 9.1807 0.01983
PSNJ1602512 150 240.714 47.2248 0.02039
2007st 5 27.177 -48.6494 0.02061
ASASSN-17bs 150 268.026 21.566 0.02014
2010A 66 38.1644 0.6195 0.02079
2003W 57 146.706 16.0438 0.02087
2003W 63 146.706 16.0438 0.02087
2001br 57 277.607 34.1036 0.02046
ASASSN-16lc 18 292.252 -51.971 0.02001
AT2016eoa 150 5.3461 22.4354 0.01993
ASASSN-16lg 150 267.051 17.6256 0.02093
2004bw 57 225.945 -3.3046 0.02207
2008Z 57 145.814 36.2844 0.02146
2008Z 65 145.814 36.2844 0.02146
2007bc 57 169.811 20.809 0.02187
2007bc 5 169.811 20.809 0.02187
2007bc 64 169.811 20.809 0.02187
SN2016ajf 150 49.9771 41.565 0.01978
2009dc 5 237.801 25.7078 0.02179
2018fop 18 18.8255 -6.859 0.02017
ASASSN-15uv 150 126.784 27.8116 0.02104
ASASSN-18da 18 52.3194 -23.9786 0.02157
2006et 64 10.6909 -23.5584 0.0214
2006et 5 10.6909 -23.5584 0.0214
1999dg 57 227.868 13.4849 0.02263
2001cp 57 257.761 5.8411 0.02245
1995ak 61 41.4535 3.2306 0.02193
2009na 66 161.756 26.5439 0.02209
ASASSN-18iu 18 269.418 50.0386 0.02202
ATLAS16dpb 150 44.3919 5.9782 0.02238
SNF20080514-002 57 202.303 11.2724 0.02292
2006dm 57 355.449 -3.669 0.02161
2006dm 56 355.449 -3.669 0.02161
2008ia 5 132.647 -61.2779 0.02257
2004bg 57 170.256 21.3398 0.02214
2004bg 63 170.256 21.3398 0.02214
2002cu 57 272.71 31.109 0.02217
2006cp 64 184.812 22.4273 0.02334
2006cp 57 184.812 22.4273 0.02334
2000fa 57 108.874 23.4284 0.02181
2000fa 62 108.874 23.4284 0.02181
ASASSN-16bn 18 47.6437 4.2697 0.02253
ASASSN-17aj 150 173.294 -10.2218 0.02253
AT2017cfb 150 208.528 9.4128 0.02382
2006bq 64 279.995 39.9824 0.02226
2002ef 57 357.873 -13.3796 0.02224
2010cr 56 202.354 11.7962 0.02368
ASASSN-15il 150 239.284 -12.6733 0.02374
2000cn 57 269.418 27.8328 0.0226
2000cn 62 269.418 27.8328 0.0226
2017hoq 18 79.8345 -17.6116 0.0235
2009jb 56 260.925 30.4973 0.02324
2014ai 51 139.934 33.7637 0.02317
ASASSN-14fa 56 43.0961 -31.8217 0.02262
2004at 57 164.688 59.4867 0.02287
PS15cku 150 21.0939 3.5876 0.02222
2007ci 57 176.441 19.7705 0.02295
2007ci 64 176.441 19.7705 0.02295
2009al 51 162.842 8.5785 0.02328
2009al 5 162.842 8.5785 0.02328
2009al 65 162.842 8.5785 0.02328
2009cz 56 138.75 29.7353 0.02315
2009cz 5 138.75 29.7353 0.02315
ASASSN-15nr 150 261.674 13.9098 0.02309
2004bk 57 204.37 4.1031 0.02405
2018enc 18 229.869 -9.8806 0.0245
2007qe 57 358.554 27.4093 0.0228
2007qe 64 358.554 27.4093 0.0228
ATLAS17bas 150 166.898 22.8514 0.02331
ASASSN-15tz 150 40.287 43.6802 0.0222
2010ao 51 205.921 3.9 0.02422
2006sr 64 0.8959 23.1962 0.02307
ASASSN-15jt 150 197.038 27.8264 0.02396
ASASSN-16em 150 203.057 84.6783 0.02296
2000ca 50 203.846 -34.1603 0.02454
1998eg 62 339.876 8.6059 0.02358
PS1-14xw 56 253.24 2.3935 0.02436
2010gp 56 253.239 2.3879 0.02436
2000bh 50 185.313 -21.9988 0.02421
2007F 51 195.813 50.6188 0.0242
2007F 64 195.813 50.6188 0.0242
1993H 50 208.209 -30.7079 0.0245
AT2016bln 150 203.689 13.8539 0.02425
2006ac 57 190.437 35.0686 0.02395
2006ac 64 190.437 35.0686 0.02395
ASASSN-15sf 150 2.865 -6.4273 0.02349
2005bg 5 184.322 16.3716 0.02414
2009D 5 58.5951 -19.1817 0.02476
2009D 51 58.5951 -19.1817 0.02476
2009D 65 58.5951 -19.1817 0.02476
PS16ccn 150 273.122 31.2799 0.02395
2008bf 57 181.012 20.2452 0.02451
2008bf 5 181.012 20.2452 0.02451
2008bf 64 181.012 20.2452 0.02451
1994M 61 187.786 0.6054 0.02426
2004br 57 187.783 0.6132 0.02426
ASASSN-16hz 150 348.94 -1.3396 0.02406
2003he 57 359.738 -2.2481 0.02404
2001cj 57 200.437 31.2468 0.02491
Gaia16agf 150 98.5373 -25.1846 0.02553
2007cq 56 333.668 5.0803 0.02481
2007cq 64 333.668 5.0803 0.02481
2003it 63 1.452 27.4527 0.02413
2007cq 57 333.668 5.0803 0.02481
AT2017cfc 150 208.163 -2.0022 0.02499
2011dn 56 299.648 2.6045 0.02443
2007sw 65 183.404 46.4934 0.025
2012bh 51 183.406 46.4835 0.025
370356 15 183.406 46.4835 0.025
2002he 57 124.995 62.8203 0.02469
2002he 63 124.995 62.8203 0.02469
2018jjd 18 66.0835 -31.9874 0.02547
2002bf 63 153.926 55.6685 0.02494
2002bf 50 153.926 55.6685 0.02494
ASASSN-16bq 150 212.86 1.286 0.02582
PS15ahs 150 269.874 43.3901 0.02522
PSNJ0153424 150 28.4267 29.9363 0.02474
SN2017hn 150 196.914 6.3376 0.02492
1992ag 50 201.041 -23.8788 0.02592
SN2017ms 150 156.676 36.6805 0.02538
PSNJ2352371 150 358.155 14.5525 0.02525
2005M 57 144.385 23.2007 0.02584
2005M 5 144.385 23.2007 0.02584
2005M 64 144.385 23.2007 0.02584
SN2017mf 150 214.129 39.5864 0.02618
2005mc 5 126.776 21.646 0.02597
2005mc 64 126.776 21.646 0.02597
ASASSN-15uu 150 25.9859 17.0626 0.02579
2005ms 64 132.31 36.13 0.02595
1999gp 62 37.9131 39.3812 0.02603
1999gp 57 37.9131 39.3812 0.02603
ASASSN-15mf 150 213.595 2.9755 0.02691
ASASSN-17at 150 174.64 25.3971 0.02643
SNF20071021-000 57 3.7493 16.335 0.0264
2013fn 56 315.099 -14.4978 0.02724
2002eb 57 334.772 24.5944 0.02633
2007co 57 275.765 29.8971 0.02655
2007co 56 275.765 29.8971 0.02655
2007co 64 275.765 29.8971 0.02655
1992P 50 190.704 10.3601 0.02643
2007su 65 334.787 13.1779 0.0266
ASASSN-15fa 150 257.442 62.9743 0.02721
2005na 5 105.403 14.1333 0.02717
2005na 64 105.403 14.1333 0.02717
2005na 57 105.403 14.1333 0.02717
ASASSN-16av 150 177.868 22.0261 0.02676
2006gj 5 49.3992 -1.6917 0.0277
2010ii 51 339.555 35.4917 0.02704
2006ev 5 322.747 13.9892 0.02759
PSNJ0252467 150 43.1946 46.9464 0.02748
2009aa 5 170.926 -22.2707 0.02827
2011hb 56 351.981 8.7794 0.02775
2005eq 57 47.2055 -7.0332 0.02831
2005eq 5 47.2055 -7.0332 0.02831
2005eq 64 47.2055 -7.0332 0.02831
2003U 63 260.69 62.164 0.02794
2009ad 65 75.8891 6.6599 0.02834
2009ad 5 75.8891 6.6599 0.02834
2002el 57 314.125 -18.5595 0.02778
2008ar 57 186.158 10.8382 0.02732
2008ar 5 186.158 10.8382 0.02732
2008ar 65 186.158 10.8382 0.02732
AT2017ns 150 42.2932 14.6008 0.02802
2004gs 5 129.597 17.6277 0.02829
SN2017ckx 150 117.045 28.2307 0.02779
2007is 65 251.811 40.2436 0.02953
2013bs 51 259.342 41.0667 0.02859
1998ab 62 192.197 41.9245 0.02806
1993ah 50 357.959 -27.9618 0.02828
2006qo 64 120.035 56.3688 0.02871
ASASSN-15la 150 213.213 35.7112 0.02845
1996C 61 207.702 49.3186 0.02875
PS16cvc 150 318.097 14.7793 0.02844
ASASSN-15fs 150 284.67 43.4689 0.0285
2003ch 63 109.491 9.693 0.02895
ASASSN-16ay 150 108.059 7.2395 0.02895
PSNJ0859349 150 134.895 45.9259 0.02874
ASASSN-16fs 150 221.777 11.5949 0.0299
LSQ12gdj 56 358.681 -25.6761 0.02886
2000cw 57 356.855 28.3877 0.02896
2002de 57 244.127 35.7084 0.0305
ASASSN-16aj 150 65.4509 -15.7554 0.03053
ASASSN-16br 150 236.376 -13.1528 0.029
AT2017zd 150 203.176 -21.8011 0.03048
ASASSN-16hh 18 31.1559 21.5861 0.02935
ATLAS17ajn 150 176.111 -28.4574 0.02988
Gaia16bba 150 15.398 17.1013 0.02934
1997dg 62 355.059 26.2033 0.02962
2004ef 57 340.542 19.9946 0.02978
2004ef 5 340.542 19.9946 0.02978
2004ef 64 340.542 19.9946 0.02978
ASASSN-15nq 150 259.33 33.4621 0.03025
AT2017lm 150 45.3849 -15.016 0.03002
ASASSN-16fo 150 203.149 -5.2725 0.02994
ASASSN-16es 18 177.727 2.3069 0.02973
AT2016cyt 150 317.399 15.1255 0.02965
2013fy 56 324.363 -47.0319 0.03099
ASASSN-15uw 150 38.893 -6.0629 0.03004
ASASSN-16hr 150 336.382 38.9844 0.0298
PS15cwx 150 78.6992 7.0504 0.03007
1990O 50 258.901 16.322 0.03093
2001ba 50 174.507 -32.3308 0.03136
2009eu 51 247.171 39.5535 0.03072
2009fv 51 247.434 40.8116 0.03072
2009fv 65 247.434 40.8116 0.03072
SNF20080909-030 57 330.454 13.0553 0.03013
2008gg 51 21.346 -18.1724 0.03107
2008gg 5 21.346 -18.1724 0.03107
1999cc 62 240.675 37.3596 0.03132
AT2017wb 150 165.331 70.6649 0.03093
MASTEROTJ08 150 128.237 -3.8579 0.03156
2007bd 51 127.889 -1.1994 0.03141
2007bd 5 127.889 -1.1994 0.03141
2007bd 64 127.889 -1.1994 0.03141
2006bt 57 239.127 20.046 0.03241
2006bt 5 239.127 20.046 0.03241
2006bt 64 239.127 20.046 0.03241
2006bw 64 218.486 3.7988 0.03075
ASASSN-15hg 150 148.452 9.1939 0.03107
ATLAS17axb 150 205.847 -19.9437 0.03264
2010gn 56 259.458 40.8811 0.03123
CSS160428 150 200.78 52.6491 0.03081
2000dn 57 346.274 -3.2003 0.03081
2006en 57 347.521 30.2233 0.03081
2006en 64 347.521 30.2233 0.03081
2008bq 5 100.26 -38.0386 0.03279
ASASSN-16oz 150 135.056 -13.634 0.03207
2006az 64 183.061 56.1794 0.03158
010026 15 160.674 58.8438 0.03174
AT2017po 150 240.965 39.9901 0.03201
2007ai 5 243.224 -21.6302 0.03212
2007ai 64 243.224 -21.6302 0.03212
2007ux 5 152.333 14.9924 0.03183
2007ux 65 152.333 14.9924 0.03183
ASASSN-15pr 150 346.664 -12.5728 0.03189
2008gl 65 20.2284 4.8053 0.03246
2008gl 51 20.2284 4.8053 0.03246
2008gl 5 20.2284 4.8053 0.03246
SN2016hpx 150 90.8194 -26.8986 0.0337
SN2017cii 150 248.333 23.7313 0.03337
2006te 64 122.929 41.5547 0.03212
2006os 5 43.7542 16.0097 0.03212
2004as 57 171.413 22.8304 0.0325
2004as 63 171.413 22.8304 0.0325
ASASSN-16bc 150 181.357 -21.4004 0.03314
2008gp 5 50.753 1.3619 0.03245
2008gp 51 50.753 1.3619 0.03245
2010ag 66 255.973 31.5017 0.03336
2005iq 64 359.635 -18.7092 0.03292
2005iq 5 359.635 -18.7092 0.03292
PS15bsq 150 355.467 -8.6379 0.03309
2004L 63 156.767 16.0187 0.03344
2003gn 57 338.465 20.8024 0.03316
2003cq 63 179.059 60.522 0.03323
2006S 64 191.413 35.0868 0.0331
2011dl 51 244.521 21.5511 0.03432
2006gr 57 338.095 30.8287 0.03352
2006gr 64 338.095 30.8287 0.03352
ASASSN-16dw 150 202.503 -27.9739 0.03565
2007ba 5 229.178 7.3966 0.03533
ATLAS17ajs 150 171.977 27.3458 0.0337
1996bl 61 9.0749 11.3946 0.03481
2003kc 63 146.643 30.6553 0.0341
2003iv 63 42.5302 12.8462 0.03351
ASASSN-15jl 150 230.671 50.9766 0.03492
1992bg 50 115.486 -62.5194 0.03574
2005eu 57 36.9303 28.1768 0.03369
2005eu 64 36.9303 28.1768 0.03369
2008at 65 156.801 71.4157 0.03497
ASASSN-15tg 150 5.171 25.229 0.03445
2007hu 65 254.125 27.9779 0.03518
PTSS-16efw 150 263.908 8.809 0.03542
2016fbk 51 26.0272 34.3827 0.03495
AT2016fbk 150 26.0272 34.3827 0.03495
1994T 61 200.378 -2.149 0.03564
ASASSN-15mi 150 210.815 41.6041 0.03501
ASASSN-15ss 150 93.1391 -14.2575 0.03592
2001ck 57 219.459 30.4839 0.03544
PS15bbn 150 315.99 13.3684 0.03602
ASASSN-15lu 150 200.304 40.2657 0.03577
2008hj 5 1.008 -11.1687 0.03643
2008hj 65 1.008 -11.1687 0.03643
2000dg 57 1.5575 8.8882 0.03725
2002G 57 196.98 34.0851 0.03631
2002G 63 196.98 34.0851 0.03631
2006mo 64 11.6606 36.3327 0.03616
2008ei 57 334.388 33.2559 0.03654
2002hu 63 34.5836 37.4663 0.03591
2000cf 62 238.234 65.9369 0.03646
2001eh 57 24.5504 41.6552 0.03627
2001eh 63 24.5504 41.6552 0.03627
ASASSN-16db 150 167.357 29.5732 0.03589
AT2016hns 150 324.921 24.4065 0.03704
ASASSN-15bc 150 61.561 -8.8856 0.03639
2007jg 51 52.4617 0.0568 0.03652
2007jg 5 52.4617 0.0568 0.03652
AT2016cvw 150 341.553 10.5588 0.03761
2002eu 57 27.4317 32.6286 0.03672
2008gb 65 44.488 46.8657 0.03641
2007O 57 224.022 45.4047 0.03732
2007O 64 224.022 45.4047 0.03732
2008fr 65 17.9548 14.6408 0.0379
SN2017ciy 150 256.029 25.0529 0.03762
2008O 5 104.394 -45.8123 0.0394
2009bv 65 196.835 35.7844 0.03748
2008051 65 229.995 4.9046 0.03835
ASASSN-15np 150 226.511 7.5615 0.03832
2010dw 66 230.668 -5.9211 0.03871
ASASSN-15pn 150 60.8598 -5.492 0.038
1999aw 50 165.402 -6.1088 0.03928
2008dr 57 332.715 2.1082 0.03996
PS15cze 150 56.8476 0.8772 0.03891
2003fa 57 266.032 40.881 0.04015
2003fa 63 266.032 40.881 0.04015
SN2016glz 150 1.4732 8.4302 0.03975
PS16axi 150 162.03 0.1635 0.04056
SN2017coa 150 132.48 56.099 0.04045
2009do 65 188.743 50.8512 0.04027
2001az 63 248.615 76.0297 0.04059
2007jh 5 54.0064 1.1034 0.04023
1992bl 50 348.805 -44.7433 0.0428
2014bj 51 290.663 43.8908 0.04239
2006cf 64 163.511 46.0267 0.04223
2006cz 64 222.153 -4.7419 0.04251
2007kk 51 55.5969 39.2418 0.0413
2007kk 65 55.5969 39.2418 0.0413
AT2016htm 150 38.0109 -26.6659 0.04265
ASASSN-16ct 150 228.476 4.7573 0.04252
SN2016ayg 150 112.572 25.0321 0.04328
2007nq 5 14.3899 -1.3886 0.04275
2007nq 65 14.3899 -1.3886 0.04275
MASTERJ0134 150 23.5627 -17.8121 0.04391
ASASSN-15mg 150 233.094 41.8504 0.04307
AT2016cvv 150 290.12 54.2087 0.04404
2005ku 5 344.927 -0.0137 0.04397
1992bh 50 74.8628 -58.8304 0.0451
2006gt 5 14.0721 -1.6294 0.04366
2006hx 5 18.4888 0.3717 0.04429
PS16cqa 150 234.779 9.2946 0.04433
PSNJ1204051 150 181.021 14.0681 0.04502
2005hc 64 29.1998 -0.2137 0.04496
2005hc 5 29.1998 -0.2137 0.04496
SN2016esh 150 241.06 16.6902 0.04488
PS17tn 150 145.807 41.3173 0.04549
2008050 65 204.198 5.1418 0.04627
AT2016ews 150 225.652 23.3528 0.04612
2005lz 64 32.7073 34.9828 0.04541
360156 15 150.807 1.8953 0.04673
2004gu 5 191.603 11.9489 0.0467
2008cf 5 211.886 -26.5518 0.04692
2008cf 65 211.886 -26.5518 0.04692
AT2017yk 150 146.133 -12.3082 0.04764
2016afk 150 155.625 15.0966 0.04677
PS16fa 150 154.819 4.7617 0.04734
PS15aii 150 191.19 9.7597 0.04768
PS17akj 150 207.455 -3.08 0.0478
ATLAS16agv 150 250.29 50.9724 0.04777
ASASSN-15pm 150 24.6504 -4.6798 0.04777
1995ac 61 341.392 -8.7513 0.04867
AT2016gmg 150 320.924 33.1147 0.04839
1990af 50 323.747 -62.7371 0.05018
PS16el 150 162.802 19.3625 0.04896
2006cq 64 201.105 30.9563 0.04928
1993ag 50 150.894 -35.4626 0.05019
PS15asb 150 215.085 -9.3009 0.04952
1998dx 62 272.8 49.8613 0.0498
PS16dnp 150 344.915 2.1498 0.04998
2007kh 65 48.8004 43.1703 0.04944
ASASSN-17eb 150 234.642 13.3478 0.0497
PS15brr 150 358.356 -15.6545 0.05063
2008hu 5 122.312 -18.6536 0.05071
AT2016cor 150 236.13 16.3035 0.04995
PS16fbb 150 1.7631 -20.6968 0.05139
2003ic 63 10.4593 -9.3053 0.05196
ASASSN-16hc 150 209.768 33.139 0.05165
1993O 50 202.785 -33.2152 0.05148
2006ot 5 33.7702 -20.7662 0.05232
2006ot 64 33.7702 -20.7662 0.05232
AT2016htn 150 32.8711 -16.5102 0.05229
PS16evk 150 338.344 -1.357 0.0532
PS16n 150 75.9333 3.4125 0.05268
2010dt 66 250.811 32.6751 0.05291
2006lu 5 138.824 -25.6001 0.05449
PS16bby 150 215.075 -22.189 0.0543
PS16ayd 150 216.826 -1.6753 0.05485
SN2017cpu 150 211.969 9.642 0.05529
490007 15 184.268 46.6275 0.05513
AT2017oz 150 211.673 30.3188 0.05641
2006py 5 340.425 -0.1369 0.05658
PS16aer 150 163.742 14.2716 0.05668
2005hj 5 21.7017 -1.2381 0.05631
2008eq 51 255.03 23.1324 0.0568
2006ob 5 27.9506 0.2633 0.0576
2006ob 64 27.9506 0.2633 0.0576
SN2016gmb 150 8.6861 -6.1589 0.05708
2001ah 63 167.624 55.1608 0.05837
2001ah 57 167.624 55.1608 0.05837
LSQ13crf 56 47.7093 1.4219 0.05934
SN2017cjv 150 152.69 -3.7775 0.06079
2008bz 5 189.741 11.1295 0.0613
2008bz 65 189.741 11.1295 0.0613
SN2016hhv 150 353.952 20.7088 0.06067
2008go 51 332.687 -20.7881 0.06116
2008go 5 332.687 -20.7881 0.06116
2006oa 64 320.929 -0.8435 0.06142
1992bs 50 52.3749 -37.2718 0.0637
SN2016aqb 150 170.493 -13.9837 0.06419
PS16bnz 150 155.154 -2.4668 0.06398
2007ae 64 255.467 79.0318 0.06485
PS15cms 150 149.646 0.743 0.06603
6057 1 52.5536 -0.9746 0.06652
SN2016ixf 150 159.936 15.0347 0.06723
AT2016aj 150 70.6025 -21.7244 0.06731
PS15bjg 150 343.793 -0.4102 0.06758
CSS160129 150 115.123 10.9333 0.06841
2006al 64 159.868 5.1834 0.06908
PTSS17-niq 150 215.069 15.3417 0.0691
1993B 50 158.717 -34.4417 0.07076
2008Y 51 169.877 54.4628 0.07028
2008Y 65 169.877 54.4628 0.07028
PS17yt 150 150.992 49.0412 0.07046
PS16em 150 163.892 -3.3663 0.07113
2006on 64 328.994 -1.0702 0.07068
470043 15 128.994 44.7675 0.07061
ATLAS16bwu 150 18.5927 -13.1531 0.07074
PS15bdr 150 253.706 36.7252 0.07094
PS15bwh 150 352.644 -18.8915 0.07149
370566 15 159.985 58.4149 0.07134
PS15mt 150 148.684 23.1981 0.07193
2007jd 5 44.9724 1.1607 0.07196
PS15atx 150 195.827 -23.0658 0.07301
Gaia16aki 150 239.794 14.6416 0.07398
1992ae 50 322.075 -61.5504 0.07478
PS17bii 150 171.409 7.3336 0.07467
7876 1 19.1825 0.7946 0.0749
2005ir 5 19.1825 0.7946 0.0749
2010hs 51 36.4131 24.7649 0.07514
AT2016gsu 150 17.1024 21.1516 0.07529
370333 15 164.38 57.2977 0.07557
PS15bif 150 305.074 -23.7435 0.07855
Gaia16acv 150 179.957 54.8022 0.07833
17186 1 31.6128 -0.8995 0.07849
2007hx 5 31.6128 -0.8995 0.07849
560033 15 353.599 -0.6831 0.07869
12779 1 309.472 1.2211 0.07891
PS15bzz 150 9.4247 1.7628 0.07901
350316 15 131.469 43.8188 0.07966
2005ag 5 224.182 9.3285 0.08024
12950 1 351.667 -0.8403 0.08141
130308 15 213.238 52.7437 0.08221
12898 1 26.7931 -0.147 0.08255
12781 1 5.4066 -1.01 0.08282
SN2016glp 150 354.058 23.696 0.08366
3592 1 19.0524 0.7919 0.08544
SN2016grz 150 28.8874 33.8229 0.08656
1241 1 337.672 -0.7766 0.08848
590194 15 130.237 44.5243 0.09015
370066 15 130.349 43.0544 0.09066
300105 15 351.71 -0.7301 0.09181
iPTF17dz 150 126.107 24.9978 0.09284
010010 15 150.859 1.0294 0.09968
